
INSERT TESTS
size : 201, capacity : 201
12 12 12 12 12 12 12 12 12 12 
12 12 12 12 12 12 12 12 12 12 
12 12 12 12 12 12 12 12 12 12 
12 12 12 12 12 12 12 12 12 12 
12 12 12 12 12 12 12 12 12 12 
12 12 12 12 12 12 12 12 12 12 
12 12 12 12 12 12 12 12 12 12 
12 12 12 12 12 12 12 12 12 12 
12 12 12 12 12 12 12 12 12 12 
12 12 12 12 12 12 12 12 12 12 
12 12 12 12 12 12 12 12 12 12 
12 12 12 12 12 12 12 12 12 12 
12 12 12 12 12 12 12 12 12 12 
12 12 12 12 12 12 12 12 12 12 
12 12 12 12 12 12 12 12 12 12 
12 12 12 12 12 12 12 12 12 12 
12 12 12 12 12 12 12 12 12 12 
12 12 12 12 12 12 12 12 12 12 
12 12 12 12 12 12 12 12 12 12 
12 12 12 12 12 12 12 12 12 12 
1 
size : 401, capacity : 402
12 12 12 12 12 12 12 12 12 12 
12 12 30 30 30 30 30 30 30 30 
30 30 30 30 30 30 30 30 30 30 
30 30 30 30 30 30 30 30 30 30 
30 30 30 30 30 30 30 30 30 30 
30 30 30 30 30 30 30 30 30 30 
30 30 30 30 30 30 30 30 30 30 
30 30 30 30 30 30 30 30 30 30 
30 30 30 30 30 30 30 30 30 30 
30 30 30 30 30 30 30 30 30 30 
30 30 30 30 30 30 30 30 30 30 
30 30 30 30 30 30 30 30 30 30 
30 30 30 30 30 30 30 30 30 30 
30 30 30 30 30 30 30 30 30 30 
30 30 30 30 30 30 30 30 30 30 
30 30 30 30 30 30 30 30 30 30 
30 30 30 30 30 30 30 30 30 30 
30 30 30 30 30 30 30 30 30 30 
30 30 30 30 30 30 30 30 30 30 
30 30 30 30 30 30 30 30 30 30 
30 30 30 30 30 30 30 30 30 30 
30 30 12 12 12 12 12 12 12 12 
12 12 12 12 12 12 12 12 12 12 
12 12 12 12 12 12 12 12 12 12 
12 12 12 12 12 12 12 12 12 12 
12 12 12 12 12 12 12 12 12 12 
12 12 12 12 12 12 12 12 12 12 
12 12 12 12 12 12 12 12 12 12 
12 12 12 12 12 12 12 12 12 12 
12 12 12 12 12 12 12 12 12 12 
12 12 12 12 12 12 12 12 12 12 
12 12 12 12 12 12 12 12 12 12 
12 12 12 12 12 12 12 12 12 12 
12 12 12 12 12 12 12 12 12 12 
12 12 12 12 12 12 12 12 12 12 
12 12 12 12 12 12 12 12 12 12 
12 12 12 12 12 12 12 12 12 12 
12 12 12 12 12 12 12 12 12 12 
12 12 12 12 12 12 12 12 12 12 
12 12 12 12 12 12 12 12 12 12 
1 
size : 413, capacity : 804
12 12 12 12 12 12 12 12 12 12 
12 12 30 30 30 30 30 30 30 30 
30 30 30 30 30 30 30 30 30 30 
30 30 30 30 30 30 30 30 30 30 
30 30 30 30 30 30 30 30 30 30 
30 30 30 30 30 30 30 30 30 30 
30 30 30 30 30 30 30 30 30 30 
30 30 30 30 30 30 30 30 30 30 
30 30 30 30 30 30 30 30 30 30 
30 30 30 30 30 30 30 30 30 30 
30 30 30 30 30 30 30 30 30 30 
30 30 30 30 30 30 30 30 30 30 
30 30 30 30 30 30 30 30 30 30 
30 30 30 30 30 30 30 30 30 30 
30 30 30 30 30 30 30 30 30 30 
30 30 30 30 30 30 30 30 30 30 
30 30 30 30 30 30 30 30 30 30 
30 30 30 30 30 30 30 30 30 30 
30 30 30 30 30 30 30 30 30 30 
30 30 30 30 30 30 30 30 30 30 
30 30 30 30 30 30 30 30 30 30 
30 30 12 12 12 12 12 12 12 12 
12 12 12 12 12 12 12 12 12 12 
12 12 12 12 12 12 12 12 12 12 
12 12 12 12 12 12 12 12 12 12 
12 12 12 12 12 12 12 12 12 12 
12 12 12 12 12 12 12 12 12 12 
12 12 12 12 12 12 12 12 12 12 
12 12 12 12 12 12 12 12 12 12 
12 12 12 12 12 12 12 12 12 12 
12 12 12 12 12 12 12 12 12 12 
12 12 12 12 12 12 12 12 12 12 
12 12 12 12 12 12 12 12 12 12 
12 12 12 12 12 12 12 12 12 12 
12 12 12 12 12 12 12 12 12 12 
12 12 12 12 12 12 12 12 12 12 
12 12 12 12 12 12 12 12 12 12 
12 12 12 12 12 12 12 12 12 12 
12 12 12 12 12 12 12 12 12 12 
12 12 12 12 12 12 12 12 12 12 
1 50 50 50 50 50 50 50 50 50 
50 50 50 
size : 413, capacity : 804
12 12 12 12 12 12 12 12 12 12 
12 12 30 30 30 30 30 30 30 30 
30 30 30 30 30 30 30 30 30 30 
30 30 30 30 30 30 30 30 30 30 
30 30 30 30 30 30 30 30 30 30 
30 30 30 30 30 30 30 30 30 30 
30 30 30 30 30 30 30 30 30 30 
30 30 30 30 30 30 30 30 30 30 
30 30 30 30 30 30 30 30 30 30 
30 30 30 30 30 30 30 30 30 30 
30 30 30 30 30 30 30 30 30 30 
30 30 30 30 30 30 30 30 30 30 
30 30 30 30 30 30 30 30 30 30 
30 30 30 30 30 30 30 30 30 30 
30 30 30 30 30 30 30 30 30 30 
30 30 30 30 30 30 30 30 30 30 
30 30 30 30 30 30 30 30 30 30 
30 30 30 30 30 30 30 30 30 30 
30 30 30 30 30 30 30 30 30 30 
30 30 30 30 30 30 30 30 30 30 
30 30 30 30 30 30 30 30 30 30 
30 30 12 12 12 12 12 12 12 12 
12 12 12 12 12 12 12 12 12 12 
12 12 12 12 12 12 12 12 12 12 
12 12 12 12 12 12 12 12 12 12 
12 12 12 12 12 12 12 12 12 12 
12 12 12 12 12 12 12 12 12 12 
12 12 12 12 12 12 12 12 12 12 
12 12 12 12 12 12 12 12 12 12 
12 12 12 12 12 12 12 12 12 12 
12 12 12 12 12 12 12 12 12 12 
12 12 12 12 12 12 12 12 12 12 
12 12 12 12 12 12 12 12 12 12 
12 12 12 12 12 12 12 12 12 12 
12 12 12 12 12 12 12 12 12 12 
12 12 12 12 12 12 12 12 12 12 
12 12 12 12 12 12 12 12 12 12 
12 12 12 12 12 12 12 12 12 12 
12 12 12 12 12 12 12 12 12 12 
12 12 12 12 12 12 12 12 12 12 
1 50 50 50 50 50 50 50 50 50 
50 50 50 
size : 414, capacity : 804
12 12 12 12 12 12 12 12 12 12 
12 12 30 30 30 30 30 30 30 30 
30 30 30 30 30 30 30 30 30 30 
30 30 30 30 30 30 30 30 30 30 
30 30 30 30 30 30 30 30 30 30 
30 30 30 30 30 30 30 30 30 30 
30 30 30 30 30 30 30 30 30 30 
30 30 30 30 30 30 30 30 30 30 
30 30 30 30 30 30 30 30 30 30 
30 30 30 30 30 30 30 30 30 30 
30 30 30 30 30 30 30 30 30 30 
30 30 30 30 30 30 30 30 30 30 
30 30 30 30 30 30 30 30 30 30 
30 30 30 30 30 30 30 30 30 30 
30 30 30 30 30 30 30 30 30 30 
30 30 30 30 30 30 30 30 30 30 
30 30 30 30 30 30 30 30 30 30 
30 30 30 30 30 30 30 30 30 30 
30 30 30 30 30 30 30 30 30 30 
30 30 30 30 30 30 30 30 30 30 
30 30 30 30 30 30 30 30 30 30 
30 30 12 12 12 12 12 12 12 12 
12 12 12 12 12 12 12 12 12 12 
12 12 12 12 12 12 12 12 12 12 
12 12 12 12 12 12 12 12 12 12 
12 12 12 12 12 12 12 12 12 12 
12 12 12 12 12 12 12 12 12 12 
12 12 12 12 12 12 12 12 12 12 
12 12 12 12 12 12 12 12 12 12 
12 12 12 12 12 12 12 12 12 12 
12 12 12 12 12 12 12 12 12 12 
12 12 12 12 12 12 12 12 12 12 
12 12 12 12 12 12 12 12 12 12 
12 12 12 12 12 12 12 12 12 12 
12 12 12 12 12 12 12 12 12 12 
12 12 12 12 12 12 12 12 12 12 
12 12 12 12 12 12 12 12 12 12 
12 12 12 12 12 12 12 12 12 12 
12 12 12 12 12 12 12 12 12 12 
12 12 12 12 12 12 12 12 12 12 
1 50 50 50 50 50 50 50 50 50 
50 50 70 50 
size : 419, capacity : 804
12 12 12 12 12 12 12 12 12 12 
12 12 30 30 30 30 30 30 30 30 
30 30 30 30 30 30 30 30 30 30 
30 30 30 30 30 30 30 30 30 30 
30 30 30 30 30 30 30 30 30 30 
30 30 30 30 30 30 30 30 30 30 
30 30 30 30 30 30 30 30 30 30 
30 30 30 30 30 30 30 30 30 30 
30 30 30 30 30 30 30 30 30 30 
30 30 30 30 30 30 30 30 30 30 
30 30 30 30 30 30 30 30 30 30 
30 30 30 30 30 30 30 30 30 30 
30 30 30 30 30 30 30 30 30 30 
30 30 30 30 30 30 30 30 30 30 
30 30 30 30 30 30 30 30 30 30 
30 30 30 30 30 30 30 30 30 30 
30 30 30 30 30 30 30 30 30 30 
30 30 30 30 30 30 30 30 30 30 
30 30 30 30 30 30 30 30 30 30 
30 30 30 30 30 30 30 30 30 30 
30 30 30 30 30 30 30 30 30 30 
30 30 12 12 12 12 12 12 12 12 
12 12 12 12 12 12 12 12 12 12 
12 12 12 12 12 12 12 12 12 12 
12 12 12 12 12 12 12 12 12 12 
12 12 12 12 12 12 12 12 12 12 
12 12 12 12 12 12 12 12 12 12 
12 12 12 12 12 12 12 12 12 12 
12 12 12 12 12 12 12 12 12 12 
12 12 12 12 12 12 12 12 12 12 
12 12 12 12 12 12 12 12 12 12 
12 12 12 12 12 12 12 12 12 12 
12 12 12 12 12 12 12 12 12 12 
12 12 12 12 12 12 12 12 12 12 
12 12 12 12 12 12 12 12 12 12 
12 12 12 12 12 12 12 12 12 12 
12 12 12 12 12 12 12 12 12 12 
12 12 12 12 12 12 12 12 12 12 
12 12 12 12 12 12 12 12 12 12 
12 12 12 12 12 12 12 12 12 12 
1 50 50 50 50 50 50 50 50 50 
50 50 5 5 5 5 5 70 50 
size : 424, capacity : 804
12 12 12 12 12 12 5 5 5 5 
5 12 12 12 12 12 12 30 30 30 
30 30 30 30 30 30 30 30 30 30 
30 30 30 30 30 30 30 30 30 30 
30 30 30 30 30 30 30 30 30 30 
30 30 30 30 30 30 30 30 30 30 
30 30 30 30 30 30 30 30 30 30 
30 30 30 30 30 30 30 30 30 30 
30 30 30 30 30 30 30 30 30 30 
30 30 30 30 30 30 30 30 30 30 
30 30 30 30 30 30 30 30 30 30 
30 30 30 30 30 30 30 30 30 30 
30 30 30 30 30 30 30 30 30 30 
30 30 30 30 30 30 30 30 30 30 
30 30 30 30 30 30 30 30 30 30 
30 30 30 30 30 30 30 30 30 30 
30 30 30 30 30 30 30 30 30 30 
30 30 30 30 30 30 30 30 30 30 
30 30 30 30 30 30 30 30 30 30 
30 30 30 30 30 30 30 30 30 30 
30 30 30 30 30 30 30 30 30 30 
30 30 30 30 30 30 30 12 12 12 
12 12 12 12 12 12 12 12 12 12 
12 12 12 12 12 12 12 12 12 12 
12 12 12 12 12 12 12 12 12 12 
12 12 12 12 12 12 12 12 12 12 
12 12 12 12 12 12 12 12 12 12 
12 12 12 12 12 12 12 12 12 12 
12 12 12 12 12 12 12 12 12 12 
12 12 12 12 12 12 12 12 12 12 
12 12 12 12 12 12 12 12 12 12 
12 12 12 12 12 12 12 12 12 12 
12 12 12 12 12 12 12 12 12 12 
12 12 12 12 12 12 12 12 12 12 
12 12 12 12 12 12 12 12 12 12 
12 12 12 12 12 12 12 12 12 12 
12 12 12 12 12 12 12 12 12 12 
12 12 12 12 12 12 12 12 12 12 
12 12 12 12 12 12 12 12 12 12 
12 12 12 12 12 12 12 12 12 12 
12 12 12 12 12 1 50 50 50 50 
50 50 50 50 50 50 50 5 5 5 
5 5 70 50 
size : 429, capacity : 804
12 12 12 12 12 12 5 5 5 5 
5 12 12 12 12 12 12 30 30 30 
30 30 30 30 30 30 30 30 30 30 
30 30 30 30 30 30 30 30 30 30 
30 30 30 30 30 30 30 30 30 30 
30 30 30 30 30 30 30 30 30 30 
30 30 30 30 30 30 30 30 30 30 
30 30 30 30 30 30 30 30 30 30 
30 30 30 30 30 30 30 30 30 30 
30 30 30 30 30 30 30 30 30 30 
30 30 30 30 30 30 30 30 30 30 
30 30 30 30 30 30 30 30 30 30 
30 30 30 30 30 30 30 30 30 30 
30 30 30 30 30 30 30 30 30 30 
30 30 30 30 30 30 30 30 30 30 
30 30 30 30 30 30 30 30 30 30 
30 30 30 30 30 30 30 30 30 30 
30 30 30 30 30 30 30 30 30 30 
30 30 30 30 30 30 30 30 30 30 
30 30 30 30 30 30 30 30 30 30 
30 30 30 30 30 30 30 30 30 30 
30 30 30 30 30 30 30 12 12 12 
12 12 12 12 12 12 12 12 12 12 
12 12 12 12 12 12 12 12 12 12 
12 12 12 12 12 12 12 12 12 12 
12 12 12 12 12 12 12 12 12 12 
12 12 12 12 12 12 12 12 12 12 
12 12 12 12 12 12 12 12 12 12 
12 12 12 12 12 12 12 12 12 12 
12 12 12 12 12 12 12 12 12 12 
12 12 12 12 12 12 12 12 12 12 
12 12 12 12 12 12 12 12 12 12 
12 12 12 12 12 12 12 12 12 12 
12 12 12 12 12 12 12 12 12 12 
12 12 12 12 12 12 12 12 12 12 
12 12 12 12 12 12 12 12 12 12 
12 12 12 12 12 12 12 12 12 12 
12 12 12 12 12 12 12 12 12 12 
12 12 12 12 12 12 12 12 12 12 
12 12 12 12 12 12 12 12 12 12 
12 12 12 12 12 1 50 50 50 50 
50 50 50 50 50 50 50 5 5 5 
5 5 70 50 5 5 5 5 5 
